f(1) = 0.8414709848078965
f(2) = 0.9092974268256817
f(3) = 0.1411200080598672
f(4) = -0.7568024953079283
f(5) = -0.9589242746631385
f(6) = -0.27941549819892586
